{
  "nbformat": 4,
  "nbformat_minor": 0,
  "metadata": {
    "colab": {
      "provenance": [],
      "include_colab_link": true
    },
    "kernelspec": {
      "name": "python3",
      "display_name": "Python 3"
    },
    "language_info": {
      "name": "python"
    }
  },
  "cells": [
    {
      "cell_type": "markdown",
      "metadata": {
        "id": "view-in-github",
        "colab_type": "text"
      },
      "source": [
        "<a href=\"https://colab.research.google.com/github/k-messick/ds1002-vmv6mp/blob/main/labs/lab1/lab1-ftx-stock-pricing.ipynb\" target=\"_parent\"><img src=\"https://colab.research.google.com/assets/colab-badge.svg\" alt=\"Open In Colab\"/></a>"
      ]
    },
    {
      "cell_type": "markdown",
      "source": [
        "# DS1002 Lab 1: Python\n",
        "\n",
        "In this lab you will work with a dataset, writing python to generate the deliverables specified in the cells below.\n",
        "\n",
        "> **FTX** was a cryptocurrency exchange founded by Sam Bankman-Fried that saw both a spectacular rise and collapse between 2021 and 2022. At one point it had a valuation of $32B. Bankman-Fried was recently found guilty on seven counts of fraud and conspiracy.\n",
        "\n",
        "The dataset for this assignment covers that rise and fall from the viewpoint of daily stock closing prices for FTX (ticker symbol `FTT`).\n",
        "\n",
        "Answer the questions below with the appropriate Python code. Point assignments are indicated for each section. There are 15 total points possible for this lab, which counts as 5% of your overall grade. There is a 1-point extra credit option at the end.\n",
        "\n",
        "Useful reference material:\n",
        "- [Pandas Review](https://colab.research.google.com/github/nmagee/ds1002/blob/main/notebooks/pandas-review.ipynb) notebook.\n",
        "- [Charts Reference](https://colab.research.google.com/github/nmagee/ds1002/blob/main/notebooks/charts-in-colaboratory.ipynb) notebook.\n",
        "- [Plots Walkthrough](https://colab.research.google.com/github/nmagee/ds1002/blob/main/notebooks/plotting-examples.ipynb)"
      ],
      "metadata": {
        "id": "2yEePrJ-1G1Z"
      }
    },
    {
      "cell_type": "markdown",
      "source": [
        "## Group Submissions\n",
        "\n",
        "If you are working in a group to complete this lab, you may have no more than 3 members to a group. Group members should be indicated in the cell below -- list both names and UVA computing IDs.\n",
        "\n",
        "Each student should then submit **the same URL** for the lab in Canvas. (If a group has Member1, Member2, and Member3, only one member needs to save the completed work back to GitHub and all members should submit that URL for grading.)"
      ],
      "metadata": {
        "id": "acXFkytd2PWS"
      }
    },
    {
      "cell_type": "code",
      "source": [
        "# List group members (if applicable). Identify names and computing IDs\n",
        "#\n",
        "# Name                    Computing ID"
      ],
      "metadata": {
        "id": "4N8_o3tG232h"
      },
      "execution_count": null,
      "outputs": []
    },
    {
      "cell_type": "markdown",
      "source": [
        "## 1. Load Libraries & Data (3 pts)\n",
        "\n",
        "https://s3.amazonaws.com/ds1002-resources/data/ftx-2021-01-01--2023-12-31.csv\n",
        "\n",
        "Import any necessary libraries and load the remote CSV file below into a DataFrame. **Resolve any import issues you need to.**"
      ],
      "metadata": {
        "id": "w0VxTDNf1k2O"
      }
    },
    {
      "cell_type": "code",
      "execution_count": 164,
      "metadata": {
        "id": "I0B9chFD1GR0"
      },
      "outputs": [],
      "source": [
        "import numpy as np\n",
        "import pandas as pd\n",
        "df = pd.read_csv('ftx-2021-01-01--2023-12-31.csv', sep=';')"
      ]
    },
    {
      "cell_type": "markdown",
      "source": [
        "## 2. Get Summary Data (1 pt)"
      ],
      "metadata": {
        "id": "H389W9dkobGI"
      }
    },
    {
      "cell_type": "markdown",
      "source": [
        "In code, display how many rows and columns are in the raw dataset."
      ],
      "metadata": {
        "id": "KA0wbjmE-4Q9"
      }
    },
    {
      "cell_type": "code",
      "source": [
        "df.shape"
      ],
      "metadata": {
        "id": "XhULtu7qox-p",
        "outputId": "4f74a64a-c8eb-48b4-aaac-40c0350f2925",
        "colab": {
          "base_uri": "https://localhost:8080/"
        }
      },
      "execution_count": 165,
      "outputs": [
        {
          "output_type": "execute_result",
          "data": {
            "text/plain": [
              "(741, 11)"
            ]
          },
          "metadata": {},
          "execution_count": 165
        }
      ]
    },
    {
      "cell_type": "markdown",
      "source": [
        "## 3. Clean and Organize the Data (3 pts)\n",
        "\n",
        "Check for data quality.\n",
        "\n",
        "- Resolve any empty values or duplicate rows.\n",
        "- Order the data properly if necessary.\n",
        "- Drop the following columns and save the dataframe: `timeOpen`, `timeClose`, `timeHigh`, `timeLow`, `marketCap`,\n",
        "\n"
      ],
      "metadata": {
        "id": "abshX7QeooAs"
      }
    },
    {
      "cell_type": "code",
      "source": [
        "dupes = pd.read_csv('ftx-2021-01-01--2023-12-31.csv', sep=';')\n",
        "dupes = dupes.drop_duplicates()"
      ],
      "metadata": {
        "id": "Aq3J7yD82uwW"
      },
      "execution_count": 166,
      "outputs": []
    },
    {
      "cell_type": "code",
      "source": [
        "df_drop_all = df.dropna()\n",
        "df_drop_all"
      ],
      "metadata": {
        "id": "qFxL6uRU3nk3",
        "outputId": "4a850ec1-194d-49dd-87ec-9b5bd88809ae",
        "colab": {
          "base_uri": "https://localhost:8080/",
          "height": 597
        }
      },
      "execution_count": 167,
      "outputs": [
        {
          "output_type": "execute_result",
          "data": {
            "text/plain": [
              "                     timeOpen                 timeClose  \\\n",
              "0    2022-12-31T00:00:00.000Z  2022-12-31T23:59:59.999Z   \n",
              "1    2022-12-30T00:00:00.000Z  2022-12-30T23:59:59.999Z   \n",
              "2    2022-12-29T00:00:00.000Z  2022-12-29T23:59:59.999Z   \n",
              "3    2022-12-28T00:00:00.000Z  2022-12-28T23:59:59.999Z   \n",
              "4    2022-12-27T00:00:00.000Z  2022-12-27T23:59:59.999Z   \n",
              "..                        ...                       ...   \n",
              "736  2021-01-06T00:00:00.000Z  2021-01-06T23:59:59.999Z   \n",
              "737  2021-01-05T00:00:00.000Z  2021-01-05T23:59:59.999Z   \n",
              "738  2021-01-04T00:00:00.000Z  2021-01-04T23:59:59.999Z   \n",
              "739  2021-01-03T00:00:00.000Z  2021-01-03T23:59:59.999Z   \n",
              "740  2021-01-03T00:00:00.000Z  2021-01-03T23:59:59.999Z   \n",
              "\n",
              "                     timeHigh                   timeLow      open      high  \\\n",
              "0    2022-12-31T15:23:00.000Z  2022-12-31T00:21:00.000Z  0.838968  0.853502   \n",
              "1    2022-12-30T04:22:00.000Z  2022-12-30T15:12:00.000Z  0.860193  0.864752   \n",
              "2    2022-12-29T00:49:00.000Z  2022-12-29T21:03:00.000Z  0.885723  0.887118   \n",
              "3    2022-12-28T00:20:00.000Z  2022-12-28T10:44:00.000Z  0.921162  0.925702   \n",
              "4    2022-12-27T14:19:00.000Z  2022-12-27T19:12:00.000Z  0.931138  0.955402   \n",
              "..                        ...                       ...       ...       ...   \n",
              "736  2021-01-06T23:59:03.000Z  2021-01-06T01:41:03.000Z  8.671285  9.390797   \n",
              "737  2021-01-05T22:44:03.000Z  2021-01-05T06:19:03.000Z  7.528216  8.714947   \n",
              "738  2021-01-04T06:40:03.000Z  2021-01-04T10:18:03.000Z  6.948680  7.632146   \n",
              "739  2021-01-03T16:25:03.000Z  2021-01-03T00:25:03.000Z  6.201133  7.007523   \n",
              "740  2021-01-03T16:25:03.000Z  2021-01-03T00:25:03.000Z  6.201133  7.007523   \n",
              "\n",
              "          low     close       volume     marketCap                 timestamp  \n",
              "0    0.835226  0.842688   3001502.06  2.771561e+08  2022-12-31T23:59:59.999Z  \n",
              "1    0.826643  0.839048   3608615.07  2.759588e+08  2022-12-30T23:59:59.999Z  \n",
              "2    0.843029  0.860231   3766979.57  2.829258e+08  2022-12-29T23:59:59.999Z  \n",
              "3    0.869842  0.886091   4192949.85  2.914310e+08  2022-12-28T23:59:59.999Z  \n",
              "4    0.916414  0.923668   4574953.05  3.037898e+08  2022-12-27T23:59:59.999Z  \n",
              "..        ...       ...          ...           ...                       ...  \n",
              "736  8.425946  9.390797  31404627.93  8.859932e+08  2021-01-06T23:59:59.999Z  \n",
              "737  7.081120  8.664688  49479278.39  8.174869e+08  2021-01-05T23:59:59.999Z  \n",
              "738  6.358218  7.514079  40526109.15  7.089305e+08  2021-01-04T23:59:59.999Z  \n",
              "739  6.171834  6.923968  31046652.87  6.532553e+08  2021-01-03T23:59:59.999Z  \n",
              "740  6.171834  6.923968  31046652.87  6.532553e+08  2021-01-03T23:59:59.999Z  \n",
              "\n",
              "[741 rows x 11 columns]"
            ],
            "text/html": [
              "\n",
              "  <div id=\"df-ce3a500a-72e1-4c12-a035-42817869c9fd\" class=\"colab-df-container\">\n",
              "    <div>\n",
              "<style scoped>\n",
              "    .dataframe tbody tr th:only-of-type {\n",
              "        vertical-align: middle;\n",
              "    }\n",
              "\n",
              "    .dataframe tbody tr th {\n",
              "        vertical-align: top;\n",
              "    }\n",
              "\n",
              "    .dataframe thead th {\n",
              "        text-align: right;\n",
              "    }\n",
              "</style>\n",
              "<table border=\"1\" class=\"dataframe\">\n",
              "  <thead>\n",
              "    <tr style=\"text-align: right;\">\n",
              "      <th></th>\n",
              "      <th>timeOpen</th>\n",
              "      <th>timeClose</th>\n",
              "      <th>timeHigh</th>\n",
              "      <th>timeLow</th>\n",
              "      <th>open</th>\n",
              "      <th>high</th>\n",
              "      <th>low</th>\n",
              "      <th>close</th>\n",
              "      <th>volume</th>\n",
              "      <th>marketCap</th>\n",
              "      <th>timestamp</th>\n",
              "    </tr>\n",
              "  </thead>\n",
              "  <tbody>\n",
              "    <tr>\n",
              "      <th>0</th>\n",
              "      <td>2022-12-31T00:00:00.000Z</td>\n",
              "      <td>2022-12-31T23:59:59.999Z</td>\n",
              "      <td>2022-12-31T15:23:00.000Z</td>\n",
              "      <td>2022-12-31T00:21:00.000Z</td>\n",
              "      <td>0.838968</td>\n",
              "      <td>0.853502</td>\n",
              "      <td>0.835226</td>\n",
              "      <td>0.842688</td>\n",
              "      <td>3001502.06</td>\n",
              "      <td>2.771561e+08</td>\n",
              "      <td>2022-12-31T23:59:59.999Z</td>\n",
              "    </tr>\n",
              "    <tr>\n",
              "      <th>1</th>\n",
              "      <td>2022-12-30T00:00:00.000Z</td>\n",
              "      <td>2022-12-30T23:59:59.999Z</td>\n",
              "      <td>2022-12-30T04:22:00.000Z</td>\n",
              "      <td>2022-12-30T15:12:00.000Z</td>\n",
              "      <td>0.860193</td>\n",
              "      <td>0.864752</td>\n",
              "      <td>0.826643</td>\n",
              "      <td>0.839048</td>\n",
              "      <td>3608615.07</td>\n",
              "      <td>2.759588e+08</td>\n",
              "      <td>2022-12-30T23:59:59.999Z</td>\n",
              "    </tr>\n",
              "    <tr>\n",
              "      <th>2</th>\n",
              "      <td>2022-12-29T00:00:00.000Z</td>\n",
              "      <td>2022-12-29T23:59:59.999Z</td>\n",
              "      <td>2022-12-29T00:49:00.000Z</td>\n",
              "      <td>2022-12-29T21:03:00.000Z</td>\n",
              "      <td>0.885723</td>\n",
              "      <td>0.887118</td>\n",
              "      <td>0.843029</td>\n",
              "      <td>0.860231</td>\n",
              "      <td>3766979.57</td>\n",
              "      <td>2.829258e+08</td>\n",
              "      <td>2022-12-29T23:59:59.999Z</td>\n",
              "    </tr>\n",
              "    <tr>\n",
              "      <th>3</th>\n",
              "      <td>2022-12-28T00:00:00.000Z</td>\n",
              "      <td>2022-12-28T23:59:59.999Z</td>\n",
              "      <td>2022-12-28T00:20:00.000Z</td>\n",
              "      <td>2022-12-28T10:44:00.000Z</td>\n",
              "      <td>0.921162</td>\n",
              "      <td>0.925702</td>\n",
              "      <td>0.869842</td>\n",
              "      <td>0.886091</td>\n",
              "      <td>4192949.85</td>\n",
              "      <td>2.914310e+08</td>\n",
              "      <td>2022-12-28T23:59:59.999Z</td>\n",
              "    </tr>\n",
              "    <tr>\n",
              "      <th>4</th>\n",
              "      <td>2022-12-27T00:00:00.000Z</td>\n",
              "      <td>2022-12-27T23:59:59.999Z</td>\n",
              "      <td>2022-12-27T14:19:00.000Z</td>\n",
              "      <td>2022-12-27T19:12:00.000Z</td>\n",
              "      <td>0.931138</td>\n",
              "      <td>0.955402</td>\n",
              "      <td>0.916414</td>\n",
              "      <td>0.923668</td>\n",
              "      <td>4574953.05</td>\n",
              "      <td>3.037898e+08</td>\n",
              "      <td>2022-12-27T23:59:59.999Z</td>\n",
              "    </tr>\n",
              "    <tr>\n",
              "      <th>...</th>\n",
              "      <td>...</td>\n",
              "      <td>...</td>\n",
              "      <td>...</td>\n",
              "      <td>...</td>\n",
              "      <td>...</td>\n",
              "      <td>...</td>\n",
              "      <td>...</td>\n",
              "      <td>...</td>\n",
              "      <td>...</td>\n",
              "      <td>...</td>\n",
              "      <td>...</td>\n",
              "    </tr>\n",
              "    <tr>\n",
              "      <th>736</th>\n",
              "      <td>2021-01-06T00:00:00.000Z</td>\n",
              "      <td>2021-01-06T23:59:59.999Z</td>\n",
              "      <td>2021-01-06T23:59:03.000Z</td>\n",
              "      <td>2021-01-06T01:41:03.000Z</td>\n",
              "      <td>8.671285</td>\n",
              "      <td>9.390797</td>\n",
              "      <td>8.425946</td>\n",
              "      <td>9.390797</td>\n",
              "      <td>31404627.93</td>\n",
              "      <td>8.859932e+08</td>\n",
              "      <td>2021-01-06T23:59:59.999Z</td>\n",
              "    </tr>\n",
              "    <tr>\n",
              "      <th>737</th>\n",
              "      <td>2021-01-05T00:00:00.000Z</td>\n",
              "      <td>2021-01-05T23:59:59.999Z</td>\n",
              "      <td>2021-01-05T22:44:03.000Z</td>\n",
              "      <td>2021-01-05T06:19:03.000Z</td>\n",
              "      <td>7.528216</td>\n",
              "      <td>8.714947</td>\n",
              "      <td>7.081120</td>\n",
              "      <td>8.664688</td>\n",
              "      <td>49479278.39</td>\n",
              "      <td>8.174869e+08</td>\n",
              "      <td>2021-01-05T23:59:59.999Z</td>\n",
              "    </tr>\n",
              "    <tr>\n",
              "      <th>738</th>\n",
              "      <td>2021-01-04T00:00:00.000Z</td>\n",
              "      <td>2021-01-04T23:59:59.999Z</td>\n",
              "      <td>2021-01-04T06:40:03.000Z</td>\n",
              "      <td>2021-01-04T10:18:03.000Z</td>\n",
              "      <td>6.948680</td>\n",
              "      <td>7.632146</td>\n",
              "      <td>6.358218</td>\n",
              "      <td>7.514079</td>\n",
              "      <td>40526109.15</td>\n",
              "      <td>7.089305e+08</td>\n",
              "      <td>2021-01-04T23:59:59.999Z</td>\n",
              "    </tr>\n",
              "    <tr>\n",
              "      <th>739</th>\n",
              "      <td>2021-01-03T00:00:00.000Z</td>\n",
              "      <td>2021-01-03T23:59:59.999Z</td>\n",
              "      <td>2021-01-03T16:25:03.000Z</td>\n",
              "      <td>2021-01-03T00:25:03.000Z</td>\n",
              "      <td>6.201133</td>\n",
              "      <td>7.007523</td>\n",
              "      <td>6.171834</td>\n",
              "      <td>6.923968</td>\n",
              "      <td>31046652.87</td>\n",
              "      <td>6.532553e+08</td>\n",
              "      <td>2021-01-03T23:59:59.999Z</td>\n",
              "    </tr>\n",
              "    <tr>\n",
              "      <th>740</th>\n",
              "      <td>2021-01-03T00:00:00.000Z</td>\n",
              "      <td>2021-01-03T23:59:59.999Z</td>\n",
              "      <td>2021-01-03T16:25:03.000Z</td>\n",
              "      <td>2021-01-03T00:25:03.000Z</td>\n",
              "      <td>6.201133</td>\n",
              "      <td>7.007523</td>\n",
              "      <td>6.171834</td>\n",
              "      <td>6.923968</td>\n",
              "      <td>31046652.87</td>\n",
              "      <td>6.532553e+08</td>\n",
              "      <td>2021-01-03T23:59:59.999Z</td>\n",
              "    </tr>\n",
              "  </tbody>\n",
              "</table>\n",
              "<p>741 rows × 11 columns</p>\n",
              "</div>\n",
              "    <div class=\"colab-df-buttons\">\n",
              "\n",
              "  <div class=\"colab-df-container\">\n",
              "    <button class=\"colab-df-convert\" onclick=\"convertToInteractive('df-ce3a500a-72e1-4c12-a035-42817869c9fd')\"\n",
              "            title=\"Convert this dataframe to an interactive table.\"\n",
              "            style=\"display:none;\">\n",
              "\n",
              "  <svg xmlns=\"http://www.w3.org/2000/svg\" height=\"24px\" viewBox=\"0 -960 960 960\">\n",
              "    <path d=\"M120-120v-720h720v720H120Zm60-500h600v-160H180v160Zm220 220h160v-160H400v160Zm0 220h160v-160H400v160ZM180-400h160v-160H180v160Zm440 0h160v-160H620v160ZM180-180h160v-160H180v160Zm440 0h160v-160H620v160Z\"/>\n",
              "  </svg>\n",
              "    </button>\n",
              "\n",
              "  <style>\n",
              "    .colab-df-container {\n",
              "      display:flex;\n",
              "      gap: 12px;\n",
              "    }\n",
              "\n",
              "    .colab-df-convert {\n",
              "      background-color: #E8F0FE;\n",
              "      border: none;\n",
              "      border-radius: 50%;\n",
              "      cursor: pointer;\n",
              "      display: none;\n",
              "      fill: #1967D2;\n",
              "      height: 32px;\n",
              "      padding: 0 0 0 0;\n",
              "      width: 32px;\n",
              "    }\n",
              "\n",
              "    .colab-df-convert:hover {\n",
              "      background-color: #E2EBFA;\n",
              "      box-shadow: 0px 1px 2px rgba(60, 64, 67, 0.3), 0px 1px 3px 1px rgba(60, 64, 67, 0.15);\n",
              "      fill: #174EA6;\n",
              "    }\n",
              "\n",
              "    .colab-df-buttons div {\n",
              "      margin-bottom: 4px;\n",
              "    }\n",
              "\n",
              "    [theme=dark] .colab-df-convert {\n",
              "      background-color: #3B4455;\n",
              "      fill: #D2E3FC;\n",
              "    }\n",
              "\n",
              "    [theme=dark] .colab-df-convert:hover {\n",
              "      background-color: #434B5C;\n",
              "      box-shadow: 0px 1px 3px 1px rgba(0, 0, 0, 0.15);\n",
              "      filter: drop-shadow(0px 1px 2px rgba(0, 0, 0, 0.3));\n",
              "      fill: #FFFFFF;\n",
              "    }\n",
              "  </style>\n",
              "\n",
              "    <script>\n",
              "      const buttonEl =\n",
              "        document.querySelector('#df-ce3a500a-72e1-4c12-a035-42817869c9fd button.colab-df-convert');\n",
              "      buttonEl.style.display =\n",
              "        google.colab.kernel.accessAllowed ? 'block' : 'none';\n",
              "\n",
              "      async function convertToInteractive(key) {\n",
              "        const element = document.querySelector('#df-ce3a500a-72e1-4c12-a035-42817869c9fd');\n",
              "        const dataTable =\n",
              "          await google.colab.kernel.invokeFunction('convertToInteractive',\n",
              "                                                    [key], {});\n",
              "        if (!dataTable) return;\n",
              "\n",
              "        const docLinkHtml = 'Like what you see? Visit the ' +\n",
              "          '<a target=\"_blank\" href=https://colab.research.google.com/notebooks/data_table.ipynb>data table notebook</a>'\n",
              "          + ' to learn more about interactive tables.';\n",
              "        element.innerHTML = '';\n",
              "        dataTable['output_type'] = 'display_data';\n",
              "        await google.colab.output.renderOutput(dataTable, element);\n",
              "        const docLink = document.createElement('div');\n",
              "        docLink.innerHTML = docLinkHtml;\n",
              "        element.appendChild(docLink);\n",
              "      }\n",
              "    </script>\n",
              "  </div>\n",
              "\n",
              "\n",
              "<div id=\"df-878c7131-345d-4ef8-861f-10f171ded7c1\">\n",
              "  <button class=\"colab-df-quickchart\" onclick=\"quickchart('df-878c7131-345d-4ef8-861f-10f171ded7c1')\"\n",
              "            title=\"Suggest charts\"\n",
              "            style=\"display:none;\">\n",
              "\n",
              "<svg xmlns=\"http://www.w3.org/2000/svg\" height=\"24px\"viewBox=\"0 0 24 24\"\n",
              "     width=\"24px\">\n",
              "    <g>\n",
              "        <path d=\"M19 3H5c-1.1 0-2 .9-2 2v14c0 1.1.9 2 2 2h14c1.1 0 2-.9 2-2V5c0-1.1-.9-2-2-2zM9 17H7v-7h2v7zm4 0h-2V7h2v10zm4 0h-2v-4h2v4z\"/>\n",
              "    </g>\n",
              "</svg>\n",
              "  </button>\n",
              "\n",
              "<style>\n",
              "  .colab-df-quickchart {\n",
              "      --bg-color: #E8F0FE;\n",
              "      --fill-color: #1967D2;\n",
              "      --hover-bg-color: #E2EBFA;\n",
              "      --hover-fill-color: #174EA6;\n",
              "      --disabled-fill-color: #AAA;\n",
              "      --disabled-bg-color: #DDD;\n",
              "  }\n",
              "\n",
              "  [theme=dark] .colab-df-quickchart {\n",
              "      --bg-color: #3B4455;\n",
              "      --fill-color: #D2E3FC;\n",
              "      --hover-bg-color: #434B5C;\n",
              "      --hover-fill-color: #FFFFFF;\n",
              "      --disabled-bg-color: #3B4455;\n",
              "      --disabled-fill-color: #666;\n",
              "  }\n",
              "\n",
              "  .colab-df-quickchart {\n",
              "    background-color: var(--bg-color);\n",
              "    border: none;\n",
              "    border-radius: 50%;\n",
              "    cursor: pointer;\n",
              "    display: none;\n",
              "    fill: var(--fill-color);\n",
              "    height: 32px;\n",
              "    padding: 0;\n",
              "    width: 32px;\n",
              "  }\n",
              "\n",
              "  .colab-df-quickchart:hover {\n",
              "    background-color: var(--hover-bg-color);\n",
              "    box-shadow: 0 1px 2px rgba(60, 64, 67, 0.3), 0 1px 3px 1px rgba(60, 64, 67, 0.15);\n",
              "    fill: var(--button-hover-fill-color);\n",
              "  }\n",
              "\n",
              "  .colab-df-quickchart-complete:disabled,\n",
              "  .colab-df-quickchart-complete:disabled:hover {\n",
              "    background-color: var(--disabled-bg-color);\n",
              "    fill: var(--disabled-fill-color);\n",
              "    box-shadow: none;\n",
              "  }\n",
              "\n",
              "  .colab-df-spinner {\n",
              "    border: 2px solid var(--fill-color);\n",
              "    border-color: transparent;\n",
              "    border-bottom-color: var(--fill-color);\n",
              "    animation:\n",
              "      spin 1s steps(1) infinite;\n",
              "  }\n",
              "\n",
              "  @keyframes spin {\n",
              "    0% {\n",
              "      border-color: transparent;\n",
              "      border-bottom-color: var(--fill-color);\n",
              "      border-left-color: var(--fill-color);\n",
              "    }\n",
              "    20% {\n",
              "      border-color: transparent;\n",
              "      border-left-color: var(--fill-color);\n",
              "      border-top-color: var(--fill-color);\n",
              "    }\n",
              "    30% {\n",
              "      border-color: transparent;\n",
              "      border-left-color: var(--fill-color);\n",
              "      border-top-color: var(--fill-color);\n",
              "      border-right-color: var(--fill-color);\n",
              "    }\n",
              "    40% {\n",
              "      border-color: transparent;\n",
              "      border-right-color: var(--fill-color);\n",
              "      border-top-color: var(--fill-color);\n",
              "    }\n",
              "    60% {\n",
              "      border-color: transparent;\n",
              "      border-right-color: var(--fill-color);\n",
              "    }\n",
              "    80% {\n",
              "      border-color: transparent;\n",
              "      border-right-color: var(--fill-color);\n",
              "      border-bottom-color: var(--fill-color);\n",
              "    }\n",
              "    90% {\n",
              "      border-color: transparent;\n",
              "      border-bottom-color: var(--fill-color);\n",
              "    }\n",
              "  }\n",
              "</style>\n",
              "\n",
              "  <script>\n",
              "    async function quickchart(key) {\n",
              "      const quickchartButtonEl =\n",
              "        document.querySelector('#' + key + ' button');\n",
              "      quickchartButtonEl.disabled = true;  // To prevent multiple clicks.\n",
              "      quickchartButtonEl.classList.add('colab-df-spinner');\n",
              "      try {\n",
              "        const charts = await google.colab.kernel.invokeFunction(\n",
              "            'suggestCharts', [key], {});\n",
              "      } catch (error) {\n",
              "        console.error('Error during call to suggestCharts:', error);\n",
              "      }\n",
              "      quickchartButtonEl.classList.remove('colab-df-spinner');\n",
              "      quickchartButtonEl.classList.add('colab-df-quickchart-complete');\n",
              "    }\n",
              "    (() => {\n",
              "      let quickchartButtonEl =\n",
              "        document.querySelector('#df-878c7131-345d-4ef8-861f-10f171ded7c1 button');\n",
              "      quickchartButtonEl.style.display =\n",
              "        google.colab.kernel.accessAllowed ? 'block' : 'none';\n",
              "    })();\n",
              "  </script>\n",
              "</div>\n",
              "    </div>\n",
              "  </div>\n"
            ]
          },
          "metadata": {},
          "execution_count": 167
        }
      ]
    },
    {
      "cell_type": "code",
      "source": [
        "df = df.sort_values(['timestamp'], ascending=True)\n",
        "df"
      ],
      "metadata": {
        "id": "wf-YkzdgDBo6",
        "outputId": "7afedfb3-fd61-433e-fdc0-f87749dea7df",
        "colab": {
          "base_uri": "https://localhost:8080/",
          "height": 597
        }
      },
      "execution_count": 168,
      "outputs": [
        {
          "output_type": "execute_result",
          "data": {
            "text/plain": [
              "                     timeOpen                 timeClose  \\\n",
              "740  2021-01-03T00:00:00.000Z  2021-01-03T23:59:59.999Z   \n",
              "739  2021-01-03T00:00:00.000Z  2021-01-03T23:59:59.999Z   \n",
              "738  2021-01-04T00:00:00.000Z  2021-01-04T23:59:59.999Z   \n",
              "737  2021-01-05T00:00:00.000Z  2021-01-05T23:59:59.999Z   \n",
              "736  2021-01-06T00:00:00.000Z  2021-01-06T23:59:59.999Z   \n",
              "..                        ...                       ...   \n",
              "4    2022-12-27T00:00:00.000Z  2022-12-27T23:59:59.999Z   \n",
              "3    2022-12-28T00:00:00.000Z  2022-12-28T23:59:59.999Z   \n",
              "2    2022-12-29T00:00:00.000Z  2022-12-29T23:59:59.999Z   \n",
              "1    2022-12-30T00:00:00.000Z  2022-12-30T23:59:59.999Z   \n",
              "0    2022-12-31T00:00:00.000Z  2022-12-31T23:59:59.999Z   \n",
              "\n",
              "                     timeHigh                   timeLow      open      high  \\\n",
              "740  2021-01-03T16:25:03.000Z  2021-01-03T00:25:03.000Z  6.201133  7.007523   \n",
              "739  2021-01-03T16:25:03.000Z  2021-01-03T00:25:03.000Z  6.201133  7.007523   \n",
              "738  2021-01-04T06:40:03.000Z  2021-01-04T10:18:03.000Z  6.948680  7.632146   \n",
              "737  2021-01-05T22:44:03.000Z  2021-01-05T06:19:03.000Z  7.528216  8.714947   \n",
              "736  2021-01-06T23:59:03.000Z  2021-01-06T01:41:03.000Z  8.671285  9.390797   \n",
              "..                        ...                       ...       ...       ...   \n",
              "4    2022-12-27T14:19:00.000Z  2022-12-27T19:12:00.000Z  0.931138  0.955402   \n",
              "3    2022-12-28T00:20:00.000Z  2022-12-28T10:44:00.000Z  0.921162  0.925702   \n",
              "2    2022-12-29T00:49:00.000Z  2022-12-29T21:03:00.000Z  0.885723  0.887118   \n",
              "1    2022-12-30T04:22:00.000Z  2022-12-30T15:12:00.000Z  0.860193  0.864752   \n",
              "0    2022-12-31T15:23:00.000Z  2022-12-31T00:21:00.000Z  0.838968  0.853502   \n",
              "\n",
              "          low     close       volume     marketCap                 timestamp  \n",
              "740  6.171834  6.923968  31046652.87  6.532553e+08  2021-01-03T23:59:59.999Z  \n",
              "739  6.171834  6.923968  31046652.87  6.532553e+08  2021-01-03T23:59:59.999Z  \n",
              "738  6.358218  7.514079  40526109.15  7.089305e+08  2021-01-04T23:59:59.999Z  \n",
              "737  7.081120  8.664688  49479278.39  8.174869e+08  2021-01-05T23:59:59.999Z  \n",
              "736  8.425946  9.390797  31404627.93  8.859932e+08  2021-01-06T23:59:59.999Z  \n",
              "..        ...       ...          ...           ...                       ...  \n",
              "4    0.916414  0.923668   4574953.05  3.037898e+08  2022-12-27T23:59:59.999Z  \n",
              "3    0.869842  0.886091   4192949.85  2.914310e+08  2022-12-28T23:59:59.999Z  \n",
              "2    0.843029  0.860231   3766979.57  2.829258e+08  2022-12-29T23:59:59.999Z  \n",
              "1    0.826643  0.839048   3608615.07  2.759588e+08  2022-12-30T23:59:59.999Z  \n",
              "0    0.835226  0.842688   3001502.06  2.771561e+08  2022-12-31T23:59:59.999Z  \n",
              "\n",
              "[741 rows x 11 columns]"
            ],
            "text/html": [
              "\n",
              "  <div id=\"df-7766ab8c-5682-49c8-b6e5-801f1181b474\" class=\"colab-df-container\">\n",
              "    <div>\n",
              "<style scoped>\n",
              "    .dataframe tbody tr th:only-of-type {\n",
              "        vertical-align: middle;\n",
              "    }\n",
              "\n",
              "    .dataframe tbody tr th {\n",
              "        vertical-align: top;\n",
              "    }\n",
              "\n",
              "    .dataframe thead th {\n",
              "        text-align: right;\n",
              "    }\n",
              "</style>\n",
              "<table border=\"1\" class=\"dataframe\">\n",
              "  <thead>\n",
              "    <tr style=\"text-align: right;\">\n",
              "      <th></th>\n",
              "      <th>timeOpen</th>\n",
              "      <th>timeClose</th>\n",
              "      <th>timeHigh</th>\n",
              "      <th>timeLow</th>\n",
              "      <th>open</th>\n",
              "      <th>high</th>\n",
              "      <th>low</th>\n",
              "      <th>close</th>\n",
              "      <th>volume</th>\n",
              "      <th>marketCap</th>\n",
              "      <th>timestamp</th>\n",
              "    </tr>\n",
              "  </thead>\n",
              "  <tbody>\n",
              "    <tr>\n",
              "      <th>740</th>\n",
              "      <td>2021-01-03T00:00:00.000Z</td>\n",
              "      <td>2021-01-03T23:59:59.999Z</td>\n",
              "      <td>2021-01-03T16:25:03.000Z</td>\n",
              "      <td>2021-01-03T00:25:03.000Z</td>\n",
              "      <td>6.201133</td>\n",
              "      <td>7.007523</td>\n",
              "      <td>6.171834</td>\n",
              "      <td>6.923968</td>\n",
              "      <td>31046652.87</td>\n",
              "      <td>6.532553e+08</td>\n",
              "      <td>2021-01-03T23:59:59.999Z</td>\n",
              "    </tr>\n",
              "    <tr>\n",
              "      <th>739</th>\n",
              "      <td>2021-01-03T00:00:00.000Z</td>\n",
              "      <td>2021-01-03T23:59:59.999Z</td>\n",
              "      <td>2021-01-03T16:25:03.000Z</td>\n",
              "      <td>2021-01-03T00:25:03.000Z</td>\n",
              "      <td>6.201133</td>\n",
              "      <td>7.007523</td>\n",
              "      <td>6.171834</td>\n",
              "      <td>6.923968</td>\n",
              "      <td>31046652.87</td>\n",
              "      <td>6.532553e+08</td>\n",
              "      <td>2021-01-03T23:59:59.999Z</td>\n",
              "    </tr>\n",
              "    <tr>\n",
              "      <th>738</th>\n",
              "      <td>2021-01-04T00:00:00.000Z</td>\n",
              "      <td>2021-01-04T23:59:59.999Z</td>\n",
              "      <td>2021-01-04T06:40:03.000Z</td>\n",
              "      <td>2021-01-04T10:18:03.000Z</td>\n",
              "      <td>6.948680</td>\n",
              "      <td>7.632146</td>\n",
              "      <td>6.358218</td>\n",
              "      <td>7.514079</td>\n",
              "      <td>40526109.15</td>\n",
              "      <td>7.089305e+08</td>\n",
              "      <td>2021-01-04T23:59:59.999Z</td>\n",
              "    </tr>\n",
              "    <tr>\n",
              "      <th>737</th>\n",
              "      <td>2021-01-05T00:00:00.000Z</td>\n",
              "      <td>2021-01-05T23:59:59.999Z</td>\n",
              "      <td>2021-01-05T22:44:03.000Z</td>\n",
              "      <td>2021-01-05T06:19:03.000Z</td>\n",
              "      <td>7.528216</td>\n",
              "      <td>8.714947</td>\n",
              "      <td>7.081120</td>\n",
              "      <td>8.664688</td>\n",
              "      <td>49479278.39</td>\n",
              "      <td>8.174869e+08</td>\n",
              "      <td>2021-01-05T23:59:59.999Z</td>\n",
              "    </tr>\n",
              "    <tr>\n",
              "      <th>736</th>\n",
              "      <td>2021-01-06T00:00:00.000Z</td>\n",
              "      <td>2021-01-06T23:59:59.999Z</td>\n",
              "      <td>2021-01-06T23:59:03.000Z</td>\n",
              "      <td>2021-01-06T01:41:03.000Z</td>\n",
              "      <td>8.671285</td>\n",
              "      <td>9.390797</td>\n",
              "      <td>8.425946</td>\n",
              "      <td>9.390797</td>\n",
              "      <td>31404627.93</td>\n",
              "      <td>8.859932e+08</td>\n",
              "      <td>2021-01-06T23:59:59.999Z</td>\n",
              "    </tr>\n",
              "    <tr>\n",
              "      <th>...</th>\n",
              "      <td>...</td>\n",
              "      <td>...</td>\n",
              "      <td>...</td>\n",
              "      <td>...</td>\n",
              "      <td>...</td>\n",
              "      <td>...</td>\n",
              "      <td>...</td>\n",
              "      <td>...</td>\n",
              "      <td>...</td>\n",
              "      <td>...</td>\n",
              "      <td>...</td>\n",
              "    </tr>\n",
              "    <tr>\n",
              "      <th>4</th>\n",
              "      <td>2022-12-27T00:00:00.000Z</td>\n",
              "      <td>2022-12-27T23:59:59.999Z</td>\n",
              "      <td>2022-12-27T14:19:00.000Z</td>\n",
              "      <td>2022-12-27T19:12:00.000Z</td>\n",
              "      <td>0.931138</td>\n",
              "      <td>0.955402</td>\n",
              "      <td>0.916414</td>\n",
              "      <td>0.923668</td>\n",
              "      <td>4574953.05</td>\n",
              "      <td>3.037898e+08</td>\n",
              "      <td>2022-12-27T23:59:59.999Z</td>\n",
              "    </tr>\n",
              "    <tr>\n",
              "      <th>3</th>\n",
              "      <td>2022-12-28T00:00:00.000Z</td>\n",
              "      <td>2022-12-28T23:59:59.999Z</td>\n",
              "      <td>2022-12-28T00:20:00.000Z</td>\n",
              "      <td>2022-12-28T10:44:00.000Z</td>\n",
              "      <td>0.921162</td>\n",
              "      <td>0.925702</td>\n",
              "      <td>0.869842</td>\n",
              "      <td>0.886091</td>\n",
              "      <td>4192949.85</td>\n",
              "      <td>2.914310e+08</td>\n",
              "      <td>2022-12-28T23:59:59.999Z</td>\n",
              "    </tr>\n",
              "    <tr>\n",
              "      <th>2</th>\n",
              "      <td>2022-12-29T00:00:00.000Z</td>\n",
              "      <td>2022-12-29T23:59:59.999Z</td>\n",
              "      <td>2022-12-29T00:49:00.000Z</td>\n",
              "      <td>2022-12-29T21:03:00.000Z</td>\n",
              "      <td>0.885723</td>\n",
              "      <td>0.887118</td>\n",
              "      <td>0.843029</td>\n",
              "      <td>0.860231</td>\n",
              "      <td>3766979.57</td>\n",
              "      <td>2.829258e+08</td>\n",
              "      <td>2022-12-29T23:59:59.999Z</td>\n",
              "    </tr>\n",
              "    <tr>\n",
              "      <th>1</th>\n",
              "      <td>2022-12-30T00:00:00.000Z</td>\n",
              "      <td>2022-12-30T23:59:59.999Z</td>\n",
              "      <td>2022-12-30T04:22:00.000Z</td>\n",
              "      <td>2022-12-30T15:12:00.000Z</td>\n",
              "      <td>0.860193</td>\n",
              "      <td>0.864752</td>\n",
              "      <td>0.826643</td>\n",
